 163 100  54  34  43  59 157 158 155 154 153 151 151 152 152 154
 162 168 167 167 161 162 158 158 156 156 153 154 153 152 155  61
 163 162 163 163 157 157 159 159 156 157 153 154 151 152 153  61
 163 164 166 164 157 158 160 159 157 156 154 153 152 154 153  53
 164 164 166 164 158 159 160 159 156 156 157 152 153 155 155  58
 166 165 165 163 160 159 161 159 155 156 157 152 154 155 155 138
 166 164 165 166 161 160 162 159 156 156 158 154 155 156 153 154
 165 163 164 167 162 161 161 160 158 159 156 154 155 155 154 155
 164 161 164 166 164 162 160 161 159 158 154 153 152 154 154 151
 165 162 161 165 164 160 159 162 159 157 152 156 160 161 158 155
 167 164 160 163 164 159 159 162 160 157 150  46  40  37  32  40
 169 163 162 163 162 160 161 162 161 157 158  47  37  37  37  37
 169 164 164 165 161 159 162 162 162 159 156  50  37  37  35  37
 165 167 167 166 162 163 163 162 160 158 154  47  36  39  39  40
 163 131  97 104  92  91 150 159 159 156 158  48  37  40  46  86
 162 119  53  53  47  50 133 158 161 157 158  48  37  41  51 124
 174  97  52  33  45  55 168 164 162 162 160 159 157 157 159 156
 172 176 173 173 172 168 166 164 162 161 159 159 159 158 161  56
 173 174 174 172 172 168 166 164 163 162 160 160 159 158 161  53
 173 174 173 173 172 169 166 164 165 164 163 160 162 158 161  45
 173 175 172 173 172 170 167 163 165 164 164 162 162 160 162  55
 175 174 172 171 171 170 169 166 164 163 164 163 162 162 160 141
 174 173 174 172 170 169 169 166 165 163 165 163 163 164 161 160
 174 173 173 172 171 170 169 167 165 164 166 164 164 162 162 160
 174 174 174 173 172 170 170 168 166 164 165 164 162 161 159 157
 175 175 174 173 172 169 169 168 166 164 163 160 163 162 157 156
 177 174 174 174 172 169 168 168 167 165 158  38  38  34  25  38
 177 173 175 174 172 172 171 169 166 165 165  29  31  32  31  30
 176 174 174 174 173 171 170 170 168 167 163  32  32  29  31  29
 173 174 174 171 171 168 170 169 169 167 160  25  32  29  28  28
 173 135  91  99  93  84 155 167 168 167 166  26  33  29  26  77
 174 123  37  38  39  32 136 168 168 167 169  31  29  28  30 120
 157  85  44  27  42  53 150 147 147 144 142 142 143 141 143 145
 157 158 156 157 157 157 148 147 147 145 142 143 145 143 144  52
 156 153 154 154 152 153 147 149 147 147 143 143 142 142 143  55
 157 154 155 155 154 152 149 150 146 147 144 143 144 143 145  47
 157 155 155 156 155 153 150 149 145 146 145 144 144 143 146  50
 158 157 156 156 155 152 152 149 145 146 146 146 144 142 143 127
 156 155 155 157 156 153 150 150 147 147 147 147 145 145 141 143
 155 156 154 155 156 154 152 150 149 149 147 147 146 145 143 144
 155 157 156 155 155 155 153 151 149 149 145 147 146 146 146 145
 157 158 156 154 154 155 153 151 149 148 146 151 158 157 155 152
 158 157 155 153 154 156 152 152 149 148 144  38  39  35  29  39
 157 155 155 154 155 157 155 153 149 147 148  31  35  34  34  32
 158 155 155 153 153 155 154 152 150 148 143  33  35  32  31  30
 156 159 160 157 157 160 154 153 150 146 143  27  33  33  29  25
 157 121  85  93  88  84 139 151 149 146 149  26  31  31  25  65
 156 110  35  37  36  34 122 150 150 147 150  29  29  29  26 105

 154  61  61  53  58 138 154 155 151 155  40  37  37  40  86 124
 152 155 153 153 155 155 153 154 154 158  32  37  35  39  46  51
 152 152 152 154 155 155 156 155 154 161  37  37  37  39  40  41
 151 153 151 152 153 154 155 155 152 160  40  37  37  36  37  37
 151 154 154 153 152 152 154 154 153 156  46  47  50  47  48  48
 153 153 153 154 157 157 158 156 154 152 150 158 156 154 158 158
 154 156 157 156 156 156 156 159 158 157 157 157 159 158 156 157
 155 156 156 157 156 155 156 158 159 159 160 161 162 160 159 161
 158 158 159 159 159 159 159 160 161 162 162 162 162 162 159 158
 157 158 159 160 160 161 162 161 160 159 159 161 162 163 150 133
  59 162 157 158 159 159 160 161 162 160 159 160 159 163  91  50
  43 161 157 157 158 160 161 162 164 164 164 162 161 162  92  47
  34 167 163 164 164 163 166 167 166 165 163 163 165 166 104  53
  54 167 163 166 166 165 165 164 164 161 160 162 164 167  97  53
 100 168 162 164 164 165 164 163 161 162 164 163 164 167 131 119
 163 162 163 163 164 166 166 165 164 165 167 169 169 165 163 162
 156  56  53  45  55 141 160 160 157 156  38  30  29  28  77 120
 159 161 161 161 162 160 161 162 159 157  25  31  31  28  26  30
 157 158 158 158 160 162 164 162 161 162  34  32  29  29  29  28
 157 159 159 162 162 162 163 164 162 163  38  31  32  32  33  29
 159 159 160 160 162 163 163 164 164 160  38  29  32  25  26  31
 160 159 160 163 164 164 165 166 165 163 158 165 163 160 166 169
 162 161 162 164 164 163 163 164 164 164 165 165 167 167 167 167
 162 162 163 165 165 164 165 165 166 166 167 166 168 169 168 168
 164 164 164 164 163 166 166 167 168 168 168 169 170 169 167 168
 168 166 166 166 167 169 169 169 170 169 168 171 170 170 155 136
  55 168 168 169 170 170 169 170 170 169 169 172 171 168  84  32
  45 172 172 172 172 171 170 171 172 172 172 172 173 171  93  39
  33 173 172 173 173 171 172 172 173 173 174 174 174 171  99  38
  52 173 174 173 172 172 174 173 174 174 174 175 174 174  91  37
  97 176 174 174 175 174 173 173 174 175 174 173 174 174 135 123
 174 172 173 173 173 175 174 174 174 175 177 177 176 173 173 174
 145  52  55  47  50 127 143 144 145 152  39  32  30  25  65 105
 143 144 143 145 146 143 141 143 146 155  29  34  31  29  25  26
 141 143 142 143 143 142 145 145 146 157  35  34  32  33  31  29
 143 145 142 144 144 144 145 146 146 158  39  35  35  33  31  29
 142 143 143 143 144 146 147 147 147 151  38  31  33  27  26  29
 142 142 143 144 145 146 147 147 145 146 144 148 143 143 149 150
 144 145 147 147 146 146 147 149 149 148 148 147 148 146 146 147
 147 147 147 146 145 145 147 149 149 149 149 149 150 150 149 150
 147 147 149 150 149 149 150 150 151 151 152 153 152 153 151 150
 150 148 147 149 150 152 150 152 153 153 152 155 154 154 139 122
  53 157 153 152 153 152 153 154 155 155 156 157 155 160  84  34
  42 157 152 154 155 155 156 156 155 154 154 155 153 157  88  36
  27 157 154 155 156 156 157 155 155 154 153 154 153 157  93  37
  44 156 154 155 155 156 155 154 156 156 155 155 155 160  85  35
  85 158 153 154 155 157 155 156 157 158 157 155 155 159 121 110
 157 157 156 157 157 158 156 155 155 157 158 157 158 156 157 156

 124  51  41  37  48 158 157 161 158 133  50  47  53  53 119 162
  86  46  40  37  48 158 156 159 159 150  91  92 104  97 131 163
  40  39  39  36  47 154 158 160 162 163 163 162 166 167 167 165
  37  35  37  37  50 156 159 162 162 162 159 161 165 164 164 169
  37  37  37  37  47 158 157 161 162 161 160 162 163 162 163 169
  40  32  37  40  46 150 157 160 162 159 159 164 163 160 164 167
 155 158 161 160 156 152 157 159 162 159 160 164 165 161 162 165
 151 154 154 152 153 154 158 159 161 160 162 164 166 164 161 164
 155 154 155 155 154 156 159 158 160 161 161 162 167 164 163 165
 154 153 156 155 154 158 156 156 159 162 160 161 166 165 164 166
 138 155 155 154 152 157 156 155 159 161 159 160 163 165 165 166
  58 155 155 153 152 157 156 156 159 160 159 158 164 166 164 164
  53 153 154 152 153 154 156 157 159 160 158 157 164 166 164 163
  61 153 152 151 154 153 157 156 159 159 157 157 163 163 162 163
  61 155 152 153 154 153 156 156 158 158 162 161 167 167 168 162
 154 152 152 151 151 153 154 155 158 157  59  43  34  54 100 163
 120  30  28  29  31 169 167 168 168 136  32  39  38  37 123 174
  77  26  29  33  26 166 167 168 167 155  84  93  99  91 135 173
  28  28  29  32  25 160 167 169 169 170 168 171 171 174 174 173
  29  31  29  32  32 163 167 168 170 170 171 173 174 174 174 176
  30  31  32  31  29 165 165 166 169 171 172 172 174 175 173 177
  38  25  34  38  38 158 165 167 168 168 169 172 174 174 174 177
 156 157 162 163 160 163 164 166 168 169 169 172 173 174 175 175
 157 159 161 162 164 165 164 166 168 170 170 172 173 174 174 174
 160 162 162 164 164 166 164 165 167 169 170 171 172 173 173 174
 160 161 164 163 163 165 163 165 166 169 169 170 172 174 173 174
 141 160 162 162 163 164 163 164 166 169 170 171 171 172 174 175
  55 162 160 162 162 164 164 165 163 167 170 172 173 172 175 173
  45 161 158 162 160 163 164 165 164 166 169 172 173 173 174 173
  53 161 158 159 160 160 162 163 164 166 168 172 172 174 174 173
  56 161 158 159 159 159 161 162 164 166 168 172 173 173 176 172
 156 159 157 157 159 160 162 162 164 168  55  45  33  52  97 174
 105  26  29  29  29 150 147 150 150 122  34  36  37  35 110 156
  65  25  31  31  26 149 146 149 151 139  84  88  93  85 121 157
  25  29  33  33  27 143 146 150 153 154 160 157 157 160 159 156
  30  31  32  35  33 143 148 150 152 154 155 153 153 155 155 158
  32  34  34  35  31 148 147 149 153 155 157 155 154 155 155 157
  39  29  35  39  38 144 148 149 152 152 156 154 153 155 157 158
 152 155 157 158 151 146 148 149 151 153 155 154 154 156 158 157
 145 146 146 146 147 145 149 149 151 153 155 155 155 156 157 155
 144 143 145 146 147 147 149 149 150 152 154 156 155 154 156 155
 143 141 145 145 147 147 147 147 150 150 153 156 157 155 155 156
 127 143 142 144 146 146 146 145 149 152 152 155 156 156 157 158
  50 146 143 144 144 145 146 145 149 150 153 155 156 155 155 157
  47 145 143 144 143 144 147 146 150 149 152 154 155 155 154 157
  55 143 142 142 143 143 147 147 149 147 153 152 154 154 153 156
  52 144 143 145 143 142 145 147 147 148 157 157 157 156 158 157
 145 143 141 143 142 142 144 147 147 150  53  42  27  44  85 157

 162 163 165 169 169 167 165 164 165 166 166 164 163 163 162 163
 119 131 167 164 163 164 162 161 163 164 165 164 164 162 168 100
  53  97 167 164 162 160 161 164 164 165 165 166 166 163 167  54
  53 104 166 165 163 163 165 166 167 166 163 164 164 163 167  34
  47  92 162 161 162 164 164 164 162 161 160 158 157 157 161  43
  50  91 163 159 160 159 160 162 161 160 159 159 158 157 162  59
 133 150 163 162 161 159 159 160 161 162 161 160 160 159 158 157
 158 159 162 162 162 162 162 161 160 159 159 159 159 159 158 158
 161 159 160 162 161 160 159 159 158 156 155 156 157 156 156 155
 157 156 158 159 157 157 157 158 159 156 156 156 156 157 156 154
 158 158 154 156 158 150 152 154 156 158 157 157 154 153 153 153
  48  48  47  50  47  46 156 153 154 154 152 152 153 154 154 151
  37  37  36  37  37  40 160 152 155 155 154 153 152 151 153 151
  41  40  39  37  37  37 161 154 155 156 155 155 154 152 152 152
  51  46  39  35  37  32 158 154 154 153 155 155 153 153 155 152
 124  86  40  37  37  40 155 151 155 154 138  58  53  61  61 154
 174 173 173 176 177 177 175 174 174 174 175 173 173 173 172 174
 123 135 174 174 173 174 175 174 173 173 174 175 174 174 176  97
  37  91 174 174 175 174 174 174 173 174 172 172 173 174 173  52
  38  99 171 174 174 174 173 173 172 172 171 173 173 172 173  33
  39  93 171 173 172 172 172 172 171 170 171 172 172 172 172  45
  32  84 168 171 172 169 169 170 170 169 170 170 169 168 168  55
 136 155 170 170 171 168 169 170 169 169 169 167 166 166 166 168
 168 167 169 170 169 168 168 168 167 166 166 163 164 164 164 164
 168 168 169 168 166 167 166 166 165 165 164 165 165 163 162 162
 167 167 167 167 165 165 164 164 164 163 163 164 164 162 161 162
 169 166 160 163 165 158 163 165 166 165 164 164 163 160 159 160
  31  26  25  32  29  38 160 164 164 163 163 162 160 160 159 159
  29  33  32  32  31  38 163 162 164 163 162 162 162 159 159 157
  28  29  29  29  32  34 162 161 162 164 162 160 158 158 158 157
  30  26  28  31  31  25 157 159 162 161 160 162 161 161 161 159
 120  77  28  29  30  38 156 157 160 160 141  55  45  53  56 156
 156 157 156 158 157 158 157 155 155 156 158 157 157 156 157 157
 110 121 159 155 155 157 158 157 156 155 157 155 154 153 158  85
  35  85 160 155 155 155 156 156 154 155 156 155 155 154 156  44
  37  93 157 153 154 153 154 155 155 157 156 156 155 154 157  27
  36  88 157 153 155 154 154 155 156 156 155 155 154 152 157  42
  34  84 160 155 157 156 155 155 154 153 152 153 152 153 157  53
 122 139 154 154 155 152 153 153 152 150 152 150 149 147 148 150
 150 151 153 152 153 152 151 151 150 150 149 149 150 149 147 147
 150 149 150 150 149 149 149 149 149 147 145 145 146 147 147 147
 147 146 146 148 147 148 148 149 149 147 146 146 147 147 145 144
 150 149 143 143 148 144 146 145 147 147 146 145 144 143 142 142
  29  26  27  33  31  38 151 147 147 147 146 144 143 143 143 142
  29  31  33  35  35  39 158 146 146 145 144 144 144 142 145 143
  29  31  33  32  34  35 157 146 145 145 142 143 143 142 143 141
  26  25  29  31  34  29 155 146 143 141 143 146 145 143 144 143
 105  65  25  30  32  39 152 145 144 143 127  50  47  55  52 145

